25
12636.458666 19644.937323
22994.534778 18316.494403
25109.378582 13461.033597
35977.228047 21761.232473
54465.361743 14583.894817
16506.581868 34491.875431
25889.015264 30419.914066
30357.653722 31045.622535
36139.999010 31567.076132
44386.053399 32801.278396
16426.282935 39421.335995
25369.507032 39226.369325
32669.659200 38251.496820
37849.577610 38326.663893
45698.532454 38341.097688
20768.868324 45081.383853
25455.421410 46525.809402
30305.016305 47419.112486
33111.914338 45662.965076
43694.252316 42765.665419
7921.644053 53604.716499
20487.772224 51738.538989
30630.362612 49230.520041
32246.728387 50584.339668
36425.403965 49852.413015
5.345460 5.717770 6.757430 3.047790 1.972060 3.426410 6.668170 2.156860 1.768670 1.200410 1.526760 1.859880 1.949350 1.493080 1.479750 2.122810 3.461100 6.487050 1.454950 1.925300 1.240650 2.294200 1.556390 1.162510 1.500550
17.430350 18.712610 22.325740 9.436600 5.680220 10.867830 22.050050 6.650960 5.243720 3.226450 4.243930 5.575860 5.879510 4.306530 3.968040 6.370390 11.137180 21.145960 3.515760 5.724410 3.310340 7.075640 4.422560 3.177480 4.432860
7.004810 7.503180 8.882260 3.929290 2.477290 4.455500 8.776240 2.776380 2.250370 1.474280 1.898220 2.377930 2.481960 1.867980 1.810680 2.688510 4.515400 8.466130 1.711020 2.437890 1.525200 2.961650 1.934660 1.415490 1.885750
3.554450 3.788910 4.445980 11.721730 6.970010 2.941830 4.561440 8.287480 6.511440 3.261900 2.068590 3.579460 7.176080 5.074940 4.030820 2.962840 5.167660 12.179420 3.572650 5.829340 1.665860 3.250010 2.916610 2.144450 4.511270
2.395840 2.544000 2.950550 7.490880 4.531440 2.018470 3.029260 5.309870 4.222590 2.211110 1.479350 2.403310 4.636970 3.320120 2.713240 2.041350 3.394700 7.804820 2.496960 3.811130 1.222190 2.198930 2.009830 1.501320 2.980790
4.501310 4.812750 5.667270 3.142650 2.027140 3.794980 5.831320 2.221430 1.820170 1.591140 2.693830 3.134650 2.010330 1.659380 1.960060 3.934330 6.701540 11.510830 1.836140 2.665730 2.131310 4.358060 2.437410 1.769720 2.067650
16.973660 18.238890 21.710660 9.400310 5.628140 10.906410 21.501890 6.537360 5.161660 3.285800 4.657460 5.987220 5.719490 4.262600 4.079420 6.986860 12.299030 23.104520 3.576260 5.896770 3.605910 7.807020 4.660240 3.320040 4.497450
4.686500 5.023270 5.947530 13.692230 8.066480 3.671140 5.997800 9.565500 7.481470 3.662820 2.356090 4.127680 8.281150 5.769510 4.556740 3.409920 6.149180 14.694830 3.909720 6.668250 1.825570 3.820990 3.262950 2.325220 5.059960
2.326440 2.475210 2.887780 7.481280 4.510500 1.941990 2.932000 5.245780 4.157020 2.134870 1.413960 2.314710 4.591590 3.239040 2.640470 1.950350 3.284960 7.733870 2.374800 3.717170 1.143050 2.108250 1.909870 1.389110 2.842410
1.232390 1.285630 1.468100 2.012640 1.377970 1.219480 1.539320 1.406860 1.187530 2.468210 1.095360 1.511110 1.312970 1.577410 3.056170 1.464570 2.443820 10.748090 2.691770 4.354290 0.907320 1.539320 2.544630 1.842170 3.338770
1.277200 1.334080 1.516570 1.581890 1.138140 2.056090 1.810900 1.144310 0.994610 1.203880 2.331230 2.559900 1.084500 1.023710 1.476970 3.375910 5.723000 9.440390 1.451370 1.931550 1.846080 3.737900 1.956490 1.429410 1.496180
2.763520 2.935810 3.454000 4.331670 2.691510 4.471370 4.111230 2.979930 2.391170 2.846150 5.013080 5.817280 2.658140 2.433070 3.543760 7.559290 13.259310 23.698770 3.077810 5.109960 3.855560 8.454040 4.575260 3.229640 3.880750
3.085700 3.289250 3.869390 10.363020 6.158460 2.542600 3.945890 7.226510 5.675540 2.812530 1.788730 3.081030 6.276450 4.388180 3.499390 2.546930 4.452320 10.734200 3.063070 5.045510 1.433980 2.791320 2.494280 1.812020 3.837750
1.598460 1.678380 1.957560 4.311790 2.670330 1.410160 1.998690 2.948050 2.372190 2.120900 1.133780 1.704900 2.638300 2.150510 2.649390 1.543480 2.584440 8.765480 2.317300 3.744200 0.924320 1.625300 2.050200 1.458080 2.802810
1.766610 1.850930 2.136800 2.963720 1.946770 1.746260 2.250210 2.066200 1.719090 3.715090 1.534490 2.227750 1.894390 2.331770 4.605840 2.118310 3.698650 16.602330 3.969450 6.680200 1.258610 2.272040 3.832160 2.769920 5.122490
3.029690 3.229030 3.791900 3.907750 2.481380 5.414760 4.645160 2.697080 2.189560 2.834300 6.268550 7.049580 2.426440 2.290660 3.523610 9.492340 16.656660 27.604810 3.073130 5.039510 4.817350 10.649450 5.165740 3.632750 3.812560
6.807450 7.302700 8.661490 8.901870 5.334560 12.441600 10.719840 6.168040 4.856680 6.559240 14.449120 16.482220 5.393870 5.219240 8.154530 22.258930 39.311970 65.929520 6.833210 12.120880 11.005030 24.969680 12.204730 8.517910 9.264510
21.837950 23.460530 27.931890 31.002870 18.139030 22.584500 30.073910 21.884090 17.008260 25.343520 19.280980 26.531470 18.872570 19.299360 31.514390 29.832290 54.406950 101.565590 26.160780 47.584770 14.679300 33.372790 48.259360 34.171100 36.621570
7.343920 7.850790 9.288450 13.483890 8.078500 7.275320 9.845440 9.435160 7.428450 17.236820 6.084200 9.951860 8.245150 10.568320 21.427580 9.127110 17.355620 81.102200 17.810050 32.162970 4.705740 10.141630 17.811520 12.791890 24.707410
2.428930 2.574710 3.007520 4.241390 2.667180 2.411710 3.164530 2.930860 2.377030 5.430080 2.070520 3.175720 2.635460 3.328750 6.738600 2.949080 5.403560 24.986040 5.684720 9.951930 1.649360 3.239960 5.592180 4.025090 7.618190
1.104910 1.149690 1.297460 1.356630 1.011920 1.724900 1.540140 0.988640 0.888750 1.042160 1.950680 2.117850 0.948340 0.885950 1.278140 2.783130 4.658620 7.676400 1.279470 1.622100 1.563860 3.065040 1.650220 1.216020 1.253720
2.358320 2.504760 2.923870 3.009210 1.944700 4.123220 3.564130 2.100860 1.724750 2.202350 4.759670 5.331230 1.909960 1.810140 2.727670 7.150860 12.453240 20.504500 2.431750 3.852380 3.684550 8.003610 3.948010 2.802080 2.953600
3.421680 3.641790 4.280940 5.311400 3.286030 4.238110 4.752140 3.698460 2.975700 5.661690 4.167160 5.467410 3.282960 3.767100 7.031240 6.214820 11.178180 36.077280 5.943210 10.384830 3.235110 6.939180 18.716320 13.247780 7.950620
2.162890 2.290080 2.675970 3.459690 2.194820 2.478670 2.899730 2.391470 1.950950 3.898100 2.347640 3.172460 2.160370 2.535130 4.845870 3.402120 6.107430 22.147740 4.122300 7.102410 1.842180 3.786300 9.901740 7.032280 5.422080
3.119780 3.329290 3.921310 5.592310 3.427890 3.104010 4.105230 3.832890 3.055030 7.239390 2.625650 4.164720 3.408190 4.377790 8.996490 3.804840 7.200510 33.882470 7.494060 13.409630 2.043020 4.257680 7.451140 5.342320 10.261260
3
3.000000
0.750000
2.000000
43331162.232
75805923.103
48465661.204
56689238.860
34250324.185
38826331.399
74120429.447
51095825.080
37424608.681
34281138.682
32186466.187
53840033.972
40332492.061
30690486.169
48923596.970
53748870.348
109984743.010
275609769.717
100321135.157
72412225.387
244226232.098
55850923.243
77175943.257
47757811.480
60609999.032
